PATH: -5.282258 -5.830645 0.368131
PATH: -0.403226 -4.016129 0.582353
PATH: 2.822581 -1.274194 0.669639
PATH: 5.685484 1.548387 0.819867
PATH: -0.362903 3.201613 2.908413
OBST: -3.024194 1.830645 -3.508065 -2.524194 2.298387 0.419355
OBST: 4.475806 4.290323 4.475806 -3.008065 8.064516 0.943548
