PATH: -5.026882 1.546909 -0.047583
PATH: 0.174731 1.560349 0.000000
PATH: -0.188172 -2.404704 1.395402
OBST: -5.336022 0.928629 -0.725806 0.901747 -0.954301 -2.767608 -5.752688 -2.740726
OBST: 0.927419 0.767339 0.591398 -2.633199 2.567204 -2.686962 2.755376 0.740457
OBST: -5.161290 2.393683 2.715054 2.313038 2.768817 3.872177 -5.094086 3.912500
