PATH: -3.266129 -0.307930 -0.021050
PATH: 2.257944 -0.044748 -0.002402
PATH: 0.659262 -1.135665 -0.022468
OBST: -4.233871 0.511962 3.924731 0.579167 5.537634 0.579167 5.551075 1.627554 -4.260753 1.600672
OBST: -4.126344 -0.939651 0.120968 -0.818683 0.107527 -1.490726 -4.153226 -1.531048
OBST: 2.043011 -0.832124 2.016129 -1.504167 5.483871 -1.383199 5.456989 -0.711156
OBST: -4.099462 -1.705780 -4.086022 -2.350941 5.188172 -2.471909 5.268817 -1.665457
