PATH: -9.556452 -0.951613 -0.113151
PATH: 7.741935 -1.193548 0.038443
OBST: -7.540323 0.258065 5.645161 -0.064516
OBST: -9.435484 -4.701613 -4.959677 -2.161290 -1.330645 -5.064516 1.572581 -2.524194 6.612903 -4.741935 6.854839 -5.669355 -9.395161 -5.709677
OBST: 5.483871 -1.758065
