PATH: -8.225806 -5.346774 0.207496
PATH: -1.330645 -2.241935 0.039453
PATH: 6.290323 -3.290323 0.136403
OBST: -7.056452 -2.725806 3.991935 0.338710
OBST: -7.741935 -6.758065 -4.516129 -4.459677 -1.088710 -6.112903 2.177419 -3.532258 6.088710 -5.870968 0.040323 -6.879032 -4.556452 -6.838710
